
4368002106
4369894909
4388359581
4387286864
4389026120
4385732274
4376912028
4377384434
4388908330
4387031872
4389578993
4388364910
4387641057
4385023593
4387712600
4389903533
4389558599
4388506915
4387620893
4388462756
4390300076
4316782680
4390141611
4368191990
4390637762
4224334024
4390146081
4387803813
4390421542
4390425561
4390318536
4350662433
4224333144
4391060627
4389048204
4376475879
4380608264
4350895133
4390913628
4391574743
4390937682
4390133453
4365483911
4391797187
4392021861
4365500524
4392347076
4391662958
4391661976
4379855471
4392372240
4395071136
4395150935
4393288708
4393501979
4392501861
4365504104
4392421086
4392421087
4392413383
4392405495
4392400579
4395871016
4395167289
4392968527
4379866173
4393564410
4396236653
4393524810
4392870713
4392878443
4356121396
4392885240
4392881272
4392884250
4396762428
4393416287
4393401883
4393411581
4393415363
4393425009
4395254314
4393144602
4396941254
4397517625
4397508712
4393856087
4393854111
4393852098
4393837084
4393851100
4393404531
4393843081
4294348104
4397379300
4383927700
4394271265
4394258377
4394256424
4394273200
4394261326
4375673793
4397825986
4394403341
4394404366
4394423102
4394407308
4394420166
4397925779
4394434945
4394459854
4394473767
4394466866
4394464828
4394479037
4397979430
4386324059
4394780537
4394780536
4394795362
4394776628
4394780535
4394203880
4398395782
4296470026
4385696338
4398437906
4395957207
4398983437
4399230529
4396342180
4395995003
4395978984
4395986884
4395990321
4395987936
4396362307
4396307996
4344341423
4398311511
4399255742
4394757866
4397275966
4400337162
4400346736
4398622570
4398112556
4398119045
4397994905
4398740459
4399324180
4400932521
4381005982
4397222986
4399074254
4399332919
4401037542
4399506087
4399676868
4399662991
4399659117
4400709553
4400763167
4400752373
4400762174
4400765198
4402271822
4401194375
4401403215
4402255794
4377667431
4389956286
4401074118
4401432180
4401419412
4402687848
4402687234
4402613680
4402288075
4401411323
4379840219
4402904777
4401072488
4401079769
4399795912
4403190492
4402929948
4403424038
4402365689
4403474211
4403814389
4403034117
4402972098
4400859929
4403822624
4403821731
4403321070
4403315123
4403307146
4403302251
4403319090
4402967157
4400852980
4402614595
4402794707
4401624775
4403372350
4403625914
4401909129
4404905072
4404911994
4401993513
4402438222
4404282209
4401943289
4402830947
4404744663
4404727885
4404740837
4404737844
4404733801
4404264249
4402891777
4404781591
4404468994
4402876339
4371992536
4406149269
4403275462
4404790518
4405448469
4406827273
4405890119
4405752926
4407101303
4404775367
4404649492
4407168719
4405123381
4407538348
4405183242
4406935840
4406951424
4408241239
4394794404
4408556960
4407008767
4406439938
4409007067
4408779543
4407331500
4407333497
4405957541
4407216690
4408310651
4399012047
4408307668
4409573714
4409839655
4409854475
4407340428
4409848457
4407340426
4407190378
4408640093
4408618993
4410063216
4410228214
4410220340
4410582863
4409819617
4408106728
4409397220
4409960921
4409954738
4409975454
4408985673
4411606127
4409693248
4411618566
4412106330
4402951800
4410898146
4410823973
4411888471
4411955931
4409960462
4408167785
4410978419
4411337746
4290850216
4412612532
4002844308
4412935690
4412798697
4301648298
4410164597
4413564213
4413561396
4413559439
4413552628
4413565219
4412175002
4404969226
4413899153
4413880773
4413887269
4413966996
4410623273
4414486513
4411525837
4411167256
4414980217
4414923588
4411155988
4411187354
4411522481
4414923589
4415597103
4403751299
4416005185
4416050750
4415491839
4416097908
4416214143
4411586752
4392190172
4413987550
4412002240
4414275853
4413331781
4416696347
4415936583
4414952787
4410616600
4414461473
4413368273
4413347649
4417302081
4415495862
4416545904
4416733088
4415949311
4395480464
4416518056
4417325794
4414030931
4413679411
4415709086
4414031934
4416091933
4417490146
4416435219
4415698262
4412278182
4418083101
4414308851
4417156048
4415711004
4416405983
4357419259
4418677030
4417599570
4418924023
4418920091
4417855180
4418940338
4408658245
4415253448
4415202652
4415272387
4418273221
4419157505
4419159103
4416123347
4418262370
4416826004
4416819635
4418286427
4418275962
4418554929
4419847311
4418818397
4418894118
4418287453
4406039176
4417611339
4417631782
4417630593
4417664391
4417839743
4420816055
4418809727
4421795701
4418562615
4325213646
4415236590
4418249395
4418209025
4388320483
4417872633
4401327480
4409601118
4421270491
4421078845
4408862484
4417212356
4420289502
4419848047
4417230253
4420433086
4417833901
4422827416
4422810486
4422830624
4411638716
4418744453
4416842899
4421228552
4416808544
4420353154
4422136423
4423231693
4423921122
4419600821
4422562347
4411371048
4419618500
4419294688
4422601868
4422126621
4423915680
4419849756
4421698952
4424028121
4422693072
4419690820
4420106974
4404845247
4421789637
4420130167
4422939701
4420153174
4424048020
4420264891
4424326364
4413114163
4403935512
4414137553
4418751622
4424348902
4423363935
4420195610
4424206646
4422362629
4419610105
4423949158
4424223447
4424422055
4424237607
4414466308
4419279716
4424133815
4424147409
4424148345
4422613679
4419026354
4424194642
4422902545
4414596021
4424358196
4423922142
4424978649
4424994095
4424979239
4410378008
4411592266
4422627862
4424556358
4423980246
4423900822
4424357139
4420112882
4425166542
4425169531
4425161540
4419238917
4424551114
4425465344
4425089234
4425461659
4425238691
4425626721
4425268248
4425253852
4425281427
4425626766
4421955271
4422215787
4425943004
4421997903
4422289376
4415000393
4422243559
4425597411
4405301510
4425840988
4422717507
4425293370
4405558465
4412840632
4426037134
4426744532
4423100216
4425943180
4425808818
4394414906
4427045047
4422780953
4423149391
4423151285
4426792940
4398001005
4425850546
4423179201
4427127501
4426220781
4427194680
4424744033
4426245550
4406232550
4416306885
4427523394
4422706992
4422733387
4415125222
4423677400
4425293371
4427922428
4422758524
4424899808
4420120442
4426922129
4424847210
4426293179
4426072628
4425452510
4426951829
4408047591
4425312366
4428120678
4427911602
4425306234
4428181802
4428354140
4423661052
4423123203
4417743245
4427413587
4427434762
4428695692
4427468698
4426235060
4427487604
4114508863
4428882826
4426400020
4429145883
4427707580
4428003598
4427492383
4427488972
4428039000
4429522649
4427229242
4428032435
4428063816
4426856029
4427709945
4429726156
4427379356
4429974168
4428068446
4425775229
4429245191
4429207782
4430107057
4426482434
4418068927
4429777943
4427973517
4402523087
4419904264
4429024398
4427835341
4428790938
4429366400
4428454978
4427330449
4402512035
4429031477
4425786303
4428081379
4430791717
4430702282
4428229605
4430433807
4425781900
4429683609
4428232960
4430905527
4428077333
4429693320
4429673797
4431147926
4429176705
4431329442
4429385035
4426821927
4427702022
4398712639
4411335792
4430960708
4431337656
4431376704
4427884058
4429034073
4419070682
4431375741
4405306943
4430324700
4429066919
4430381277
4426499812
4431733664
4428967083
4431743492
4431683915
4429644528
4428922301
4431686936
4431707027
4432048109
4427307492
4430581746
4432214057
4432049697
4432094207
4430585499
4429264218
4431656964
4431234611
4432228351
4432222716
4431249072
4430583745
4431667698
4432281207
4432456728
4431442786
4429821740
4432098598
4430762848
4431848927
4432578797
4432561219
4429880032
4428959158
4432850700
4431206869
4421676488
4431639939
4432611074
4431832304
4420930738
4428912355
4433015944
4429475409
4430268646
4430277594
4429651891
4430285400
4430271647
4428916321
4432627829
4431842586
4430282729
4431499467
4422046720
4433890359
4430282731
4426794767
4433243078
4431851486
4431829947
4421886583
4433487071
4432977346
4414175262
4432099300
4432182127
4432167593
4433649804
4433637915
4433671126
4432159649
4434460312
4433363856
4422817126
4432983438
4433646712
4433682002
4434450780
4434428481
4420124671
4433315839
4432967744
4434922334
4377734351
4432610574
4434924897
4434993291
4432926767
4434795797
4434976192
4435124560
4434955361
4434373041
4435337452
4431972401
4435379723
4435154528
4435555192
4434951690
4435530627
4435334793
4434434781
4435333916
4434611893
4434627973
4434645789
4426352195
4435853316
4431084896
4432757756
4435029819
4435136447
4432774719
4432778678
4435046520
4435531269
4432393397
4434978707
4431920551
4434912264
4414989091
4432791467
4431037286
4436353150
4432386857
4436480735
4433159693
4432709931
4426664080
4415000814
4433700097
4436907458
4433101317
4436398751
4433700216
4436498598
4417496917
4435246752
4436948527
4435054731
4425309547
4436409824
4436721249
4436992424
4432769653
4437143781
4436066500
4436073400
4426642998
4436206159
4436200537
4436208157
4436212184
4436083726
4437413688
4436225024
4436993450
4436258199
4436256165
4434517006
4436520890
4436057974
4436066720
4436086992
4436544762
4434535280
4437752705
4434525803
4437765405
4434541764
4435493171
4437843425
4433953782
4434553333
4433185699
4437838885
4438195777
4436898953
4437005657
4435214892
4434847928
4438269287
4434846751
4433998711
4438186074
4437835848
4434853119
4435622912
4434860193
4427723587
4438617565
4435685224
4438610172
4433738863
4437384699
4438588832
4438848233
4429019972
4437377347
4393816567
4433972529
4435915512
4435698723
4439060067
4435218294
4439003665
4437954865
4435989390
4435984892
4435985624
4436982102
4428723365
4439060051
4439060053
4438334034
4438303247
4436097459
4437997571
4437067967
4437185168
4434868280
4438889963
4438365423
4439037634
4430409651
4438178408
4439020476
4438906738
4437217516
4438982878
4439395128
4436703767
4439122930
4438623987
4439120914
4439191091
4439119523
4437250636
4439407791
4437286680
4439792283
4437269613
4370989503
4439848026
4401899480
4440502408
4440350484
4437970943
4440060355
4439838391
4439824281
4439846988
4439822483
4439864071
4438305133
4439569485
4439998384
4440883070
4440977079
4438401170
4440878240
4440256534
4434509889
4440301971
4439038972
4437992440
4440206059
4440268175
4438061742
4439821639
4440636907
4440231852
4440205958
4438402310
4437663283
4440675870
4440700034
4438406240
4439998270
4439804978
4441468172
4441461847
4441486131
4438090817
4439849769
4438752481
4435941980
4441682562
4439864208
4441150762
4438409131
4441189232
4438719241
4438481393
4439220849
4366080032
4440547992
4438734299
4441189165
4436620803
4441182425
4439262878
4441192074
4439208875
4441187542
4440200696
4441197168
4441181496
4441182421
4441176649
4439663478
4441191156
4441172902
4441672458
4442582214
4438091784
4442027139
4442631499
4442655351
4440493791
4442663143
4441035284
4443100995
4442979949
4443103929
4376430649
4443130390
4443901961
4443173263
4443104805
4444434895
4443753393
4444427700
4444400028
4441548279
4442289668
4441531577
4443763052
4441802194
4444387528
4441893171
4445353749
4444829653
4445655045
4444847722
4445648969
4442808055
4445144386
4445130895
4446111490
4443219282
4445701569
4443280934
4443253449
4445735041
4445747444
4443241040
4446378639
4443690457
4446134049
4445964138
4446055920
4446067839
4446060835
4444110979
4446016305
4446068444
4445152170
4445712847
4447001074
4444180485
4444523098
4446499985
4444830901
4444328757
4446941141
4446766009
4446321715
4444339425
4444319726
4445166009
4446974901
4445090999
4446831315
4447153118
4447595124
4446700967
4447539457
4446155108
4446152648
4447023006
4445088968
4447704180
4445478066
4445510069
4447136839
4446984846
4442866580
4443256380
4445071604
4447859366
4447866032
4447867197
4445913108
4447861113
4444539042
4445169593
4448163308
4448166260
4447679835
4448147194
4448200493
4447166126
4448191863
4448310455
4446234436
4448194391
4446207479
4444590775
4446210273
4446742079
4448815284
4448828458
4447550672
4448130973
4441502494
4444101029
4446230541
4448853906
4449004641
4446231027
4448830529
4448889575
4343273339
4446611677
4448663761
4448592671
4449408316
4449415064
4449099756
4449419092
4445878973
4445558269
4444599650
4449402269
4448517862
4447367191
4449092772
4449631786
4448019245
4449679243
4448014561
4449469159
4447864353
4445889334
4447816288
4449631054
4449067210
4448846235
4449382511
4446757840
4449397312
4447279318
4438293036
4448416613
4448869237
4447194488
4449965063
4448420617
4450043983
4446074018
4446734850
4449677259
4428599714
4448983892
4448223893
4448957693
4412692088
4448325598
4450698317
4450313810
4450313665
4450254347
4450333418
4450332038
4448592061
4449620996
4448439989
4447948502
4448360254
4448706571
4448325982
4438095444
4447368247
4450309016
4449371676
4450257849
4448786231
4403356410
4448415606
4448357345
4448347312
4451044864
4448444640
4421132943
4448203433
4441186154
4448367445
4450953229
4416327688
4419336153
4451144453
4451123592
4448443079
4448323876
4450902860
4440123384
4451552092
4451406082
4451559487
4448454690
4449821648
4449581746
4443541398
4451118659
4451473656
4448415607
4448991414
4450320618
4448014829
4448577672
4452192286
4452441124
4451506337
4452184349
4452444154
4450752648
4452470818
4451676049
4452448921
4449862229
4451197055
4440178773
4452459256
4452400173
4451635504
4452460329
4450338441
4440150741
4452438086
4451179885
4451450157
4449578489
4452465669
4449844839
4442587069
4452368661
4453078649
4453096512
4453075670
4453100245
4453130131
4450148175
4453098170
4450120132
4452398680
4435193136
4453075986
4443353322
4453141031
4453395749
4453397772
4443371907
4453392579
4452934040
4450455278
4442105025
4450163315
4450481424
4452977907
4452921958
4452389182
4443916345
4450809330
4450150546
4452943199
4450817446
4451510222
4452911988
4453689917
4450400140
4454010065
4450451433
4450890153
4451610709
4450489387
4453532057
4453688640
4454385859
4450898597
4452910771
4453671771
4450800114
4454506851
4454546172
4454540241
4450489198
4454531338
4453582070
4451241873
4454396053
4451209622
4453528806
4453586959
4454833089
4454392660
4442576470
4453552046
4426837361
4453912096
4454807626
4453065829
4450153086
4454063282
4453967753
4453995475
4455202136
4455225535
4443132362
4455237924
4455248930
4452211994
4453963763
4455252749
4455296041
4454514507
4452235411
4453088592
4454237208
4454247073
4454297479
4455342441
4454406773
4455354805
4453774207
4455529742
4452262780
4454474693
4455718072
4454489400
4455313505
4454716190
4452232133
4452830397
4455707170
4454286948
4453661581
4455997141
4454972026
4456148919
4455228565
4455319827
4453667825
4453449043
4453425794
4446570112
4454974518
4452550978
4446058967
4453462020
4455705688
4444676963
4456191800
4441827186
4453668820
4453686735
4436227893
4456456382
4454282360
4456470685
4456470319
4453853203
4453515203
4443163241
4456478522
4446743981
4454537294
4455641302
4453895160
4434854560
4456789960
4457003791
4455621983
4456485529
4454140717
4446815832
4456145978
4457035371
4457080270
4456083666
4456736307
4456211332
4456187185
4456715946
4456301422
4456207823
4441575780
4457302486
4457307506
4454114506
4456014610
4443880513
4456009326
4454787091
4454621105
4438666484
4456200891
4457539688
4456202347
4455013495
4441444861
4453894726
4457816377
4456771777
4452570231
4456256088
4456201209
4457849692
4457848802
4456651550
4429650812
4457867782
4450225716
4455031809
4445719014
4454978677
4455831437
4458179570
4454126157
4390140409
4456879176
4458170932
4458224275
4458190174
4456898709
4456896955
4458226265
4458220334
4458184388
4432599501
4455009542
4458200927
4458200736
4458236465
4457102858
4457868360
4458193258
4453413694
4458720483
4454997191
4448357374
4455850389
4457490403
4455861806
4457466543
4448352890
4456928877
4456599988
4457468299
4448359706
4455406566
4454636579
4448360086
4448362957
4448353350
4448326529
4448317839
4456990862
4455869814
4459153179
4457905311
4457694085
4458715548
4457244388
4457219486
4456079544
4457741251
4459603932
4457702897
4457236261
4459681067
4457966119
4457249715
4458007342
4458005611
4459862385
4460139111
4460140113
4458389269
4460129124
4459661884
4459413522
4460126064
4457795027
4459329089
4457776138
4458066052
4457220574
4459896946
4458014801
4457731987
4460338896
4458366686
4460572435
4459191038
4459363356
4458348600
4409279463
4460113201
4459675640
4458614931
4446719919
4458426195
4459707696
